img/10_Color.png 17 448 206 11 10 474 200 15 10 509 201 15 12 596 206 12 10 625 201 11 10 655 209 9 9 496 214 9 9 466 229 10 9 524 231 13 11 589 231 12 15 619 216 9 9 643 227 11 11 571 291 21 30 536 288 20 23 509 354 17 19 558 349 22 23 599 355 18 20
img/1_Color.png 18 439 226 9 9 470 222 9 8 499 226 8 7 552 229 8 7 588 224 8 8 620 230 6 7 449 250 8 7 475 239 8 6 505 251 6 6 560 251 5 5 585 238 6 6 605 251 6 6 547 304 7 7 520 303 6 6 568 304 5 6 492 357 6 7 576 358 6 6 536 352 7 5
img/2_Color.png 19 431 276 7 7 455 266 6 5 493 268 6 6 493 268 6 6 542 269 5 6 577 263 5 5 614 270 5 5 443 296 6 5 467 281 6 5 495 295 5 5 552 290 5 5 578 279 5 4 600 292 5 5 538 334 6 6 510 339 6 5 560 346 4 4 488 403 5 5 532 387 6 5 574 398 6 7
img/3_Color.png 18 440 268 5 5 464 252 4 4 504 253 5 5 553 255 6 5 587 249 6 5 617 263 5 4 453 282 5 5 475 265 4 4 502 279 5 6 561 279 5 5 587 264 5 4 610 283 5 6 549 303 6 5 515 311 5 5 570 321 3 4 496 377 5 6 543 352 6 6 588 373 6 6
img/4_Color.png 18 430 257 5 5 465 260 6 5 505 270 4 5 560 275 4 4 598 266 5 4 630 262 4 4 444 272 5 5 476 269 4 4 501 280 5 5 558 288 4 4 589 272 4 4 611 273 4 4 538 372 6 6 508 351 4 6 557 346 4 5 486 395 4 6 529 400 5 4 570 397 4 4
img/5_Color.png 16 390 241 5 4 421 250 4 3 470 243 4 4 515 228 5 5 575 221 5 5 401 264 4 4 417 257 3 4 440 268 3 3 492 266 5 5 521 244 4 4 560 250 6 5 444 349 6 5 484 333 5 5 441 385 4 6 468 388 5 5 518 386 5 5
img/6_Color.png 17 485 197 6 8 537 202 5 5 594 221 6 7 647 229 5 6 693 226 4 5 497 228 5 6 543 218 4 5 577 244 6 7 643 246 5 6 676 240 4 5 676 240 4 5 652 337 6 8 596 320 6 6 687 254 3 6 551 387 4 7 618 387 5 5 650 393 4 6
img/7_Color.png 18 431 228 5 5 461 225 5 4 508 232 4 6 570 237 5 4 612 224 4 4 658 227 6 6 449 252 5 5 479 239 6 4 510 254 5 6 582 257 6 4 610 239 5 5 637 250 5 5 560 338 5 6 521 328 5 7 581 323 4 5 495 389 6 6 548 386 5 6 595 390 5 5
img/8_Color.png 18 377 231 3 7 398 230 5 5 434 235 6 6 505 239 4 5 545 231 6 5 597 231 6 6 397 250 5 6 422 242 5 4 450 259 4 4 515 262 5 6 545 242 5 5 582 251 4 5 479 340 6 7 452 321 5 6 508 323 5 5 437 387 5 6 478 385 7 6 533 388 5 5
img/9_Color.png 15 515 203 6 6 563 199 5 5 620 215 6 4 678 224 5 6 717 215 6 6 527 233 6 6 564 216 5 5 604 243 5 6 673 245 5 4 705 229 5 5 688 334 6 8 625 314 6 6 581 376 6 6 647 381 6 6 685 379 3 4
